Ag 0.821 0.049 0.050 0.189 2.025 1.894 0.133 0.067 5.185 0.665 0.051 0.019 4.343 0.189 0.467 0.117 9.809 1.170 4.000 0.052 18.56 0.516

Au 0.770 0.050 0.054 0.074 0.218 0.742 0.050 0.035 2.885 0.349 0.312 0.083 4.069 0.830 0.719 0.125 6.137 1.246 1.648 0.179 27.97 1.795

Cu 0.562 0.030 0.076 0.056 0.416 0.562 0.081 0.047 2.849 0.469 0.324 0.113 4.819 1.131 0.726 0.172 8.136 1.719 0 0 0 0

Al 0.526 0.047 0.213 0.312 0.163 0.013 0.060 0.315 1.561 0.042 0.182 1.587 1.827 0.256 0.014 2.145 4.495 1.735 0 0 0 0

Be 0.081 0.035 0.066 2.956 0.131 0.277 0.067 3.962 0.469 3.167 0.346 2.398 2.827 1.446 0.311 3.904 4.318 0.893 0 0 0 0

Cr 0.154 0.048 0.338 4.256 0.281 0.115 0.261 3.957 0.584 0.252 0.817 2.218 1.919 0.225 0.105 6.983 6.997 4.903 0 0 0 0

Ni 0.083 0.022 0.357 2.820 0.317 0.606 0.039 0.120 1.059 1.454 0.127 1.822 4.583 0.379 0.654 6.637 8.825 0.510 0 0 0 0

Pd 0.330 0.009 0.769 2.343 0.066 0.694 0.093 0.497 0.502 0.027 0.309 2.022 2.432 1.167 0.409 0.119 5.987 1.331 0 0 0 0

Pt 0.333 0.080 0.186 0.498 0.782 0.031 0.665 1.851 1.317 0.096 0.551 2.604 3.189 0.766 2.214 2.891 8.236 1.146 0 0 0 0

Ti 0.126 0.067 0.427 1.877 1.459 0.463 0.218 0.100 2.661 0.506 0.513 0.615 0.805 0.799 0.0002 4.109 19.86 2.854 0 0 0 0

W 0.197 0.057 0.006 3.689 0.481 3.754 0.022 0.277 0.985 0.059 0.136 1.433 1.962 0.273 2.648 4.555 5.442 1.912 0 0 0 0